fh_state_groups = {
    schema = {
        any_key = yes
        array = state
    }

    original_equestrian_states = {
        # Solar Empire and rumps
        1
        2
        3
        4
        5
        12
        13
        14
        15
        16
        18
        19
        20
        21
        22
        23
        24
        25
        26
        27
        28
        29
        30
        31
        32
        33
        34
        35
        36
        37
        38
        39
        40
        41
        42
        43
        44
        45
        46
        47
        48
        49
        50
        51
        52
        54
        56
        59
        60
        61
        63
        65
        66
        67
        68
        70
        71
        72
        73
        74
        75
        78
        79
        80
        81
        82
        83
        84
        85
        86
        87
        88
        89
        90
        91
        92
        93
        94
        95
        96
        97
        99
        100
        101
        102
        103
        104
        105
        106
        107
        108
        109
        110
        111
        112
        113
        114
        115
        116
        117
        118
        119
        120
        121
        122
        123
        124
        125
        126
        127
        128
        129
        130
        131
        132
        133
        134
        135
        136
        137
        138
        154
        155
        156
        157
        158
        159
        160
        162
        164
        167
        169
        170
        171
        172
        173
        174
        175
        176
        177
        178
        179
        180
        181
        182
        183
        184
        185
        186
        187
        188
        221
        223
        226
        227
        228
        229
        230
        231
        232
        241
        326
        327
        348
        349
        350
        351
        352
        353
        525
        653
        661
        662
        1195
        1212
        1213
        1214
        1216
        # Stalliongrad
        57
        153
        161
        163
        165
        166
        168
        225
        233
        234
        235
        237
        240
        332
        333
        334
        678
    }

    south_eastern_zebrican_states = {
        # Icepaw Directorate
        978
        979
        980
        981
        1024
        1026
        1027
        # Gyzwindid Realm
        1028
        1031
        1032
        1033
        1034
        1035
        1140
        # Stormland Regency
        982
        983
        984
        985
        1025
        # Thundarian Magocracy
        190
        205
        220
        294
        1029
        1030
        1036
        1050
        1052
        1112
        # Qaylidi Dervishes
        1039
        1040
        1042
        1043
        1045
        # Gargiloya
        330
        1046
        1047
        1048
        1049
        1051
        1053
        # Senturya
        1106
        1107
        1108
        1109
        1110
        1111
        1113
        1114
        1115
        1116
        1117
        1118
        1119
        1120
        1121
        1122
        1147
         # Lan Kir
        1085
        1086
        # Sen Kinh
        1054
        1055
        1056
        1057
        1058
        # Khamrin
        1083
        1084
        # Tzhimane
        906
        920
        922
        # Ibhayiz
        907
        908
        934
        # Roam
        193
        329
        909
        910
        915
        921
        # Imba-Zaru
        911
        912
        913
        # Zeblu
        1127
        1128
        1129
        1130
        1131
        1132
        # Twizanyika
        914
        916
        917
        918
        919
        # Zongo
        1126
        1133
        1134
        1135
        1151
        # Taniangha
        1123
        1124
        1189
        # Melahaka
        1125
        1138
        # Maglibing
        1143
        1152
        1153
        1154
        1190
        # Naugdaw
        1146
        1148
        1149
        1150
        # Talayeri
        1139
        1141
        1142
        1144
        1145
        1192
        # Sambovoto
        1136
        1137
        1207
        # South Zebrides
        1155
        1156
        1157
        1158
        1159
        1160
    }

    all_north_zebrican_states = {
        # Hippogriffia
        683
        684
        685
        686
        687
        693
        694
        695
        696
        1164
        1165
        1202
        1203
        1204
        # Zumidia
        697
        698
        710
        711
        # Warzena
        688
        743
        744
        1206
        # Chiropterra
        690
        689
        691
        712
        713
        815
        # Tobuck
        692
        728
        729
        745
        1205
        # Zarantia
        746
        747
        748
        730
        755
        756
        878
        # Colthage
        699
        700
        701
        702
        703
        704
        705
        706
        709
        714
        799
        852
        875
        876
        877
        # Coltva
        933
        1092
        1093
        1094
        1095
        # Coltdar
        707
        708
        751
        1089
        # Buckhara
        749
        750
        879
        880
        881
        # Quaggatai
        752
        753
        883
        884
        # Macawia
        715
        716
        717
        718
        719
        720
        721
        722
        723
        724
        725
        726
        727
        806
        820
        831
        # Chital
        1169
        1170
        1172
        1174
        1175
        1176
        1184
        1185
        1188
        # Doehi
        1104
        1105
        1161
        1162
        1166
        1167
        1168
        1171
        1186
        1187
        # Sambar
        1163
        1173
        1177
        1178
        1179
        1180
        1181
        1182
        1183
        # Barasingha
        1096
        1097
        1098
        # Stagpal
        1103
        # Llambet
        1090
        1091
        1092
        1099
        1100
        1101
        1102
        1191
    }

    all_south_eastern_griffonian_states = {
        # Lushi
        632
        608
        593
        607
        591
        # Blackrock
        489
        532
        606
        490
        446
        # Brodfeld
        605
        651
        414
        588
        590
        508
        385
        663
        589
        # Gryphian
        592
        613
        610
        612
        631
        597
        611
        598
        596
        609
        # Gryphus
        559
        600
        630
        623
        599
        512
        514
        594
        595
        # Cyanolisia
        507
        511
        510
        671
        # Sicameon
        518
        528
        570
        527
        535
        444
        509
        460
        445
        395
        394
        # Asterion
        386
        462
        463
        464
        465
        466
        467
        468
        469
        513
        654
        655
        656
        657
        664
        667
        # Falcor
        409
        392
        529
        393
        503
        533
        549
        504
    }
}
