1 6 9741 776 3768 9738 11114 179 
1 34 179 13058 3764 3180 3093 11100 3111 168 9154 3162 6038 13282 849 7361 6375 11245 11898 6550 9799 9887 9481 476 9533 3511 3496 13299 3151 11080 6174 6319 3507 441 12646 489 
1 33 9738 6788 3773 3976 771 11726 3772 9478 9492 11718 3887 11870 9889 832 888 3858 10063 950 12081 9828 1178 9891 6744 7198 9979 918 8668 920 970 11805 9686 11710 758 
1 20 950 12083 12038 1176 11684 9872 8128 10893 11838 9750 6831 963 923 9600 11803 955 3560 3546 6537 13011 
1 3 10893 9882 3915 
1 4 9979 4080 7098 11749 
1 33 758 9719 6955 3761 6764 11677 6996 938 3969 9699 3920 6746 12110 10510 10359 1576 7635 10485 1493 7618 1614 12324 1593 8009 6363 3274 311 9364 3301 11446 11279 3186 119 
1 11 119 6133 3112 6213 6405 6289 11064 9042 3069 6079 3082 
1 21 9741 6631 603 11734 6789 9752 6985 11568 773 3780 9544 9452 11399 548 6401 3482 11507 584 9454 11479 11427 
1 16 3915 899 755 6775 11565 11613 9867 6621 3931 503 9710 11794 11593 590 6770 782 
1 12 69 9279 11376 6590 11413 7758 3438 9470 3271 6298 3368 6484 
1 6 782 682 10636 701 9661 11627 
1 5 9867 3737 11600 9631 655 
1 7 590 9593 402 769 11305 9294 773 
1 4 9741 6747 11655 11672 
1 5 6558 4287 494 746 3743 
1 6 6558 552 9914 11053 6010 6023 
1 5 3093 9127 11049 6129 6023 
1 8 3162 6118 11135 9032 3844 6111 9069 9208 
1 8 3844 9135 202 9173 3126 3088 9189 6165 
1 25 11100 3022 13271 21 7211 13272 4193 11549 13274 6598 3447 11518 11506 6214 11058 854 9824 11779 6812 790 3820 977 874 877 920 
1 32 6812 3816 6836 11875 760 9609 11877 10056 9108 12016 12013 6894 10007 6320 11299 351 9237 9379 11105 6108 11172 9094 12503 9477 408 3025 3305 6235 399 3543 10666 489 
1 13 9208 9211 3003 184 3044 6067 118 6200 3104 9220 12096 10122 9108 
